1,-1,487.73,208.8,103.76999999999998,63.21999999999997,1,1,1.0
1,1,121.4,335.5,136.93999999999997,57.379999999999995,1,1,1.0
1,2,731.32,261.38,74.21999999999991,45.55000000000001,1,1,1.0
1,3,208.42,248.73,96.99000000000004,43.859999999999985,1,1,1.0
2,1,97.78,339.3,136.94,57.379999999999995,1,1,1.0
2,2,717.83,262.23,74.21999999999991,45.539999999999964,1,1,1.0
2,3,208.42,248.77,96.99000000000004,43.819999999999965,1,1,1.0
3,1,74.17,343.09,136.94,57.38000000000005,1,1,1.0
3,2,704.62,264.48,74.21000000000004,45.539999999999964,1,1,1.0
3,3,208.42,248.8,96.99000000000004,43.789999999999964,1,1,1.0
4,1,48.88,344.35,139.88,60.789999999999964,1,1,1.0
4,2,691.4,266.73,74.22000000000003,45.539999999999964,1,1,1.0
4,3,208.42,248.83,96.99000000000004,43.75999999999996,1,1,1.0
5,1,23.6,345.6,142.81,64.19999999999999,1,1,1.0
5,2,678.19,268.97,74.21999999999991,45.549999999999955,1,1,1.0
5,3,208.42,248.87,96.99000000000004,43.71999999999997,1,1,1.0
6,1,0.83,353.19,142.80999999999997,64.19999999999999,1,1,1.0
6,2,665.54,271.5,75.47000000000003,45.55000000000001,1,1,1.0
6,3,208.42,248.9,96.99000000000004,43.68999999999997,1,1,1.0
7,1,0.83,352.3,120.87,72.68,1,1,1.0
7,2,652.89,274.03,76.72000000000003,45.55000000000001,1,1,1.0
7,3,208.42,248.94,96.99000000000004,43.64999999999998,1,1,1.0
8,1,0.83,352.3,100.62,72.68,1,1,1.0
8,2,638.97,278.25,76.73000000000002,45.54000000000002,1,1,1.0
8,3,208.42,248.97,96.99000000000004,43.619999999999976,1,1,1.0
9,1,0.83,352.3,80.37,72.68,1,1,1.0
9,2,625.05,282.47,76.73000000000002,45.539999999999964,1,1,1.0
9,3,208.42,249.0,96.99000000000004,43.589999999999975,1,1,1.0
10,1,0.83,352.3,52.57,72.68,1,1,1.0
10,2,608.19,284.15,76.71999999999991,45.55000000000001,1,1,1.0
10,3,208.42,249.04,96.99000000000004,43.54999999999998,1,1,1.0
11,2,591.04,285.56,81.24000000000001,45.54000000000002,1,1,1.0
11,3,208.42,249.07,96.99000000000004,43.51999999999998,1,1,1.0
12,2,573.89,286.96,85.75,45.55000000000001,1,1,1.0
12,3,208.42,249.1,96.99000000000004,43.48999999999998,1,1,1.0
13,2,556.74,288.37,90.25999999999999,45.54000000000002,1,1,1.0
13,3,208.42,249.14,96.99000000000004,43.44999999999999,1,1,1.0
14,2,543.24,290.48,90.26999999999998,45.539999999999964,1,1,1.0
14,3,208.42,249.17,96.99000000000004,43.41999999999999,1,1,1.0
15,2,529.75,292.59,90.25999999999999,45.54000000000002,1,1,1.0
15,3,208.42,249.2,96.99000000000004,43.389999999999986,1,1,1.0
16,2,510.35,296.8,90.25999999999999,45.55000000000001,1,1,1.0
16,3,208.42,249.24,96.99000000000004,43.349999999999966,1,1,1.0
17,2,490.53,299.33,95.77999999999997,45.55000000000001,1,1,1.0
17,3,208.42,249.27,96.99000000000004,43.319999999999965,1,1,1.0
18,2,470.71,301.86,101.29000000000002,45.55000000000001,1,1,1.0
18,3,208.42,249.31,96.99000000000004,43.27999999999997,1,1,1.0
19,2,456.36,304.39,99.63999999999999,47.210000000000036,1,1,1.0
19,3,208.42,249.34,96.99000000000004,43.24999999999997,1,1,1.0
20,2,442.0,306.92,98.0,48.879999999999995,1,1,1.0
20,3,208.42,249.37,96.99000000000004,43.21999999999997,1,1,1.0
21,2,425.55,309.01,97.99999999999994,50.59000000000003,1,1,1.0
21,3,208.42,249.41,96.99000000000004,43.17999999999998,1,1,1.0
22,2,409.11,311.1,98.0,52.299999999999955,1,1,1.0
22,3,208.42,249.44,96.99000000000004,43.14999999999998,1,1,1.0
23,2,389.44,314.47,101.36000000000001,53.42999999999995,1,1,1.0
23,3,208.42,249.47,96.99000000000004,43.119999999999976,1,1,1.0
24,2,369.77,317.85,104.73000000000002,54.549999999999955,1,1,1.0
24,3,208.42,249.51,96.99000000000004,43.079999999999984,1,1,1.0
25,2,350.1,321.22,108.09999999999997,55.67999999999995,1,1,1.0
25,3,208.42,249.54,96.99000000000004,43.04999999999998,1,1,1.0
26,2,329.86,323.75,108.09999999999997,55.68000000000001,1,1,1.0
26,3,208.42,249.57,96.99000000000004,43.01999999999998,1,1,1.0
27,2,309.62,326.28,108.10000000000002,55.68000000000001,1,1,1.0
27,3,208.42,249.61,96.99000000000004,42.97999999999996,1,1,1.0
28,2,288.11,330.5,113.14999999999998,57.77999999999997,1,1,1.0
28,3,208.42,249.64,96.99000000000004,42.94999999999999,1,1,1.0
29,2,266.6,334.72,118.19999999999999,59.879999999999995,1,1,1.0
29,3,208.42,249.68,96.99000000000004,42.90999999999997,1,1,1.0
30,2,247.2,340.62,118.19999999999999,59.879999999999995,1,1,1.0
30,3,208.42,249.71,96.99000000000004,42.87999999999997,1,1,1.0
31,2,223.59,344.84,124.10999999999999,59.88000000000005,1,1,1.0
31,3,208.42,249.74,96.99000000000004,42.849999999999966,1,1,1.0
32,2,199.97,349.05,130.03,59.889999999999986,1,1,1.0
32,3,208.42,249.78,96.99000000000004,42.809999999999974,1,1,1.0
33,2,175.09,349.88,133.80999999999997,64.13999999999999,1,1,1.0
33,3,208.42,249.81,96.99000000000004,42.77999999999997,1,1,1.0
34,2,150.21,350.7,137.59,68.40000000000003,1,1,1.0
34,3,208.42,249.84,96.99000000000004,42.74999999999997,1,1,1.0
35,2,125.76,357.05,140.09000000000003,68.80000000000001,1,1,1.0
35,3,208.42,249.88,96.99000000000004,42.70999999999998,1,1,1.0
36,2,101.3,363.4,142.60000000000002,69.19,1,1,1.0
36,3,208.42,249.91,96.99000000000004,42.67999999999998,1,1,1.0
37,2,74.03,366.77,148.24,70.04000000000002,1,1,1.0
37,3,208.42,249.94,96.99000000000004,42.64999999999998,1,1,1.0
38,2,46.76,370.13,153.87,70.89999999999998,1,1,1.0
38,3,208.42,249.98,96.99000000000004,42.609999999999985,1,1,1.0
39,2,19.49,373.5,159.51,71.74000000000001,1,1,1.0
39,3,208.42,250.01,96.99000000000004,42.579999999999984,1,1,1.0
40,2,0.0,382.5,152.6,71.74000000000001,1,1,1.0
40,3,208.42,250.05,96.99000000000004,42.539999999999964,1,1,1.0
41,2,1.73,386.43,129.07000000000002,71.74000000000001,1,1,1.0
41,3,208.42,250.08,96.99000000000004,42.50999999999996,1,1,1.0
42,2,3.46,390.37,101.34,71.74000000000001,1,1,1.0
42,3,208.42,250.11,96.99000000000004,42.47999999999996,1,1,1.0
43,2,3.46,390.37,78.54,71.74000000000001,1,1,1.0
43,3,208.42,250.15,96.99000000000004,42.43999999999997,1,1,1.0
44,2,3.46,390.37,52.44,71.74000000000001,1,1,1.0
44,3,208.42,250.18,96.99000000000004,42.40999999999997,1,1,1.0
45,3,208.42,250.21,96.99000000000004,42.37999999999997,1,1,1.0
46,3,208.42,250.25,96.99000000000004,42.339999999999975,1,1,1.0
47,3,208.42,250.28,96.99000000000004,42.309999999999974,1,1,1.0
48,3,208.42,250.31,96.99000000000004,42.27999999999997,1,1,1.0
49,3,208.42,250.35,96.99000000000004,42.23999999999998,1,1,1.0
50,3,208.42,250.38,96.99000000000004,42.20999999999998,1,1,1.0
51,3,208.42,250.42,96.99000000000004,42.16999999999999,1,1,1.0
52,3,208.42,250.45,96.99000000000004,42.139999999999986,1,1,1.0
52,4,941.33,220.06,18.66999999999996,66.63,1,1,1.0
53,3,208.42,250.48,96.99000000000004,42.109999999999985,1,1,1.0
53,4,938.6,222.58,21.399999999999977,64.10999999999999,1,1,1.0
54,3,208.42,250.52,96.99000000000004,42.069999999999965,1,1,1.0
54,4,935.86,225.1,24.139999999999986,61.59,1,1,1.0
55,3,208.42,250.55,96.99000000000004,42.039999999999964,1,1,1.0
55,4,933.13,222.58,26.870000000000005,64.10999999999999,1,1,1.0
56,3,208.42,250.58,96.99000000000004,42.00999999999996,1,1,1.0
56,4,930.4,220.06,29.600000000000023,66.63,1,1,1.0
57,3,208.42,250.62,96.99000000000004,41.96999999999997,1,1,1.0
57,4,922.2,226.1,37.799999999999955,60.59,1,1,1.0
58,3,208.42,250.65,96.99000000000004,41.93999999999997,1,1,1.0
58,4,921.1,225.1,38.89999999999998,61.59,1,1,1.0
59,3,208.42,250.68,96.99000000000004,41.90999999999997,1,1,1.0
59,4,915.2,226.23,44.799999999999955,63.26000000000002,1,1,1.0
60,3,208.42,250.72,96.99000000000004,41.869999999999976,1,1,1.0
60,4,909.3,227.37,50.700000000000045,64.93,1,1,1.0
61,3,208.42,250.75,96.99000000000004,41.839999999999975,1,1,1.0
61,4,903.4,228.5,56.60000000000002,66.60000000000002,1,1,1.0
62,3,208.42,250.79,96.99000000000004,41.79999999999998,1,1,1.0
62,4,896.7,229.3,63.299999999999955,65.80000000000001,1,1,1.0
63,3,208.42,250.82,96.99000000000004,41.76999999999998,1,1,1.0
63,4,891.07,229.3,68.92999999999995,67.5,1,1,1.0
64,3,208.42,250.85,96.99000000000004,41.73999999999998,1,1,1.0
64,4,885.43,229.3,74.57000000000005,69.19999999999999,1,1,1.0
65,3,208.42,250.89,96.99000000000004,41.69999999999999,1,1,1.0
65,4,879.8,229.3,80.20000000000005,70.89999999999998,1,1,1.0
66,3,208.42,250.92,96.99000000000004,41.66999999999999,1,1,1.0
66,4,873.6,229.3,86.39999999999998,73.93,1,1,1.0
67,3,208.42,250.95,96.99000000000004,41.639999999999986,1,1,1.0
67,4,867.4,229.3,92.60000000000002,76.96999999999997,1,1,1.0
68,3,208.42,250.99,96.99000000000004,41.599999999999966,1,1,1.0
68,4,861.2,229.3,98.79999999999995,80.0,1,1,1.0
69,3,208.42,251.02,96.99000000000004,41.569999999999965,1,1,1.0
69,4,854.6,229.75,105.39999999999998,81.30000000000001,1,1,1.0
70,3,208.42,251.05,96.99000000000004,41.539999999999964,1,1,1.0
70,4,848.0,230.2,112.0,82.60000000000002,1,1,1.0
71,3,208.42,251.09,96.99000000000004,41.49999999999997,1,1,1.0
71,4,841.4,230.65,118.60000000000002,83.9,1,1,1.0
72,3,208.42,251.12,96.99000000000004,41.46999999999997,1,1,1.0
72,4,834.8,231.1,125.20000000000005,85.20000000000002,1,1,1.0
73,3,208.42,251.16,96.99000000000004,41.42999999999998,1,1,1.0
73,4,828.2,229.3,131.79999999999995,85.80000000000001,1,1,1.0
74,3,208.42,251.19,96.99000000000004,41.39999999999998,1,1,1.0
74,4,819.47,231.23,140.52999999999997,87.03999999999999,1,1,1.0
74,5,812.54,246.62,18.960000000000036,35.43000000000001,1,1,1.0
75,3,208.42,251.22,96.99000000000004,41.369999999999976,1,1,1.0
75,4,810.73,233.17,149.26999999999998,88.26000000000002,1,1,1.0
75,5,805.22,251.11,18.329999999999927,32.56,1,1,1.0
76,3,208.42,251.26,96.99000000000004,41.329999999999984,1,1,1.0
76,4,802.0,235.1,158.0,89.50000000000003,1,1,1.0
76,5,797.9,255.6,17.700000000000045,29.700000000000017,1,1,1.0
77,3,208.42,251.29,96.99000000000004,41.29999999999998,1,1,1.0
77,4,795.5,235.1,163.20000000000005,89.50000000000003,1,1,1.0
77,5,789.0,255.6,19.299999999999955,29.700000000000017,1,1,1.0
78,3,208.42,251.32,96.99000000000004,41.26999999999998,1,1,1.0
78,4,789.0,235.1,168.39999999999998,89.50000000000003,1,1,1.0
78,5,778.47,256.41,21.730000000000018,29.69999999999999,1,1,1.0
79,3,208.42,251.36,96.99000000000004,41.22999999999996,1,1,1.0
79,4,782.5,235.1,173.60000000000002,89.50000000000003,1,1,1.0
79,5,769.52,259.3,21.730000000000018,26.810000000000002,1,1,1.0
80,3,208.42,251.39,96.99000000000004,41.19999999999999,1,1,1.0
80,4,768.84,235.1,180.36,93.4,1,1,1.0
80,5,759.54,259.71,23.190000000000055,29.05000000000001,1,1,1.0
81,3,208.42,251.42,96.99000000000004,41.16999999999999,1,1,1.0
81,4,762.5,237.54,182.29999999999995,93.4,1,1,1.0
81,5,749.57,260.11,24.629999999999995,31.30000000000001,1,1,1.0
82,3,208.42,251.46,96.99000000000004,41.12999999999997,1,1,1.0
82,4,756.15,239.98,184.25,93.4,1,1,1.0
82,5,742.3,260.11,31.90000000000009,31.30000000000001,1,1,1.0
83,3,208.42,251.49,96.99000000000004,41.099999999999966,1,1,1.0
83,4,745.91,241.44,189.59000000000003,93.39999999999998,1,1,1.0
83,5,728.85,261.74,28.649999999999977,31.30000000000001,1,1,1.0
84,3,208.42,251.53,96.99000000000004,41.059999999999974,1,1,1.0
84,4,735.66,242.91,194.94000000000005,93.4,1,1,1.0
84,5,718.7,261.74,29.0,31.30000000000001,1,1,1.0
85,3,208.42,251.56,96.99000000000004,41.02999999999997,1,1,1.0
85,4,727.37,242.3,195.42999999999995,97.77999999999997,1,1,1.0
85,5,708.1,261.74,31.899999999999977,31.30000000000001,1,1,1.0
86,3,208.42,251.59,96.99000000000004,40.99999999999997,1,1,1.0
86,4,719.07,240.0,195.92999999999995,102.16000000000003,1,1,1.0
86,5,697.9,261.74,29.899999999999977,31.30000000000001,1,1,1.0
87,3,208.42,251.63,96.99000000000004,40.95999999999998,1,1,1.0
87,4,709.65,242.27,205.35000000000002,102.53999999999999,1,1,1.0
87,5,686.92,260.93,33.58000000000004,31.30000000000001,1,1,1.0
88,3,208.42,251.66,96.99000000000004,40.92999999999998,1,1,1.0
88,4,700.22,244.53,214.77999999999997,102.91999999999999,1,1,1.0
88,5,675.53,262.15,36.870000000000005,31.30000000000001,1,1,1.0
89,3,208.42,251.69,96.99000000000004,40.89999999999998,1,1,1.0
89,4,690.8,246.8,224.20000000000005,103.30000000000001,1,1,1.0
89,5,663.5,262.15,37.60000000000002,31.30000000000001,1,1,1.0
89,6,862.22,240.47,38.02999999999997,37.95000000000002,1,1,1.0
90,3,208.42,251.73,96.99000000000004,40.859999999999985,1,1,1.0
90,4,680.92,246.23,224.20000000000005,106.13000000000002,1,1,1.0
90,5,652.45,265.56,38.14999999999998,31.30000000000001,1,1,1.0
90,6,862.22,242.13,33.40999999999997,36.29000000000002,1,1,1.0
91,3,208.42,251.76,96.99000000000004,40.829999999999984,1,1,1.0
91,4,671.04,245.65,224.20000000000005,108.97,1,1,1.0
91,5,642.3,265.56,39.200000000000045,31.30000000000001,1,1,1.0
91,6,862.22,243.8,28.779999999999973,34.620000000000005,1,1,1.0
92,3,208.42,251.79,96.99000000000004,40.79999999999998,1,1,1.0
92,4,661.16,245.08,224.20000000000005,111.78999999999999,1,1,1.0
92,5,627.9,265.56,40.60000000000002,31.30000000000001,1,1,1.0
92,6,835.2,244.9,42.299999999999955,33.52000000000001,1,1,1.0
93,3,208.42,251.83,96.99000000000004,40.75999999999996,1,1,1.0
93,4,651.28,244.5,224.20000000000005,114.63,1,1,1.0
93,5,614.89,266.26,45.90999999999997,31.30000000000001,1,1,1.0
93,6,835.2,240.47,36.39999999999998,37.95000000000002,1,1,1.0
94,3,208.42,251.86,96.99000000000004,40.72999999999996,1,1,1.0
94,4,641.71,247.3,221.39,116.37,1,1,1.0
94,5,605.1,266.26,55.69999999999993,31.30000000000001,1,1,1.0
94,6,823.4,245.3,43.14999999999998,33.120000000000005,1,1,1.0
95,3,208.42,251.9,96.99000000000004,40.68999999999997,1,1,1.0
95,4,623.1,250.1,252.38,118.1,1,1,1.0
95,5,587.13,266.81,49.66999999999996,31.30000000000001,1,1,1.0
95,6,811.6,240.47,49.89999999999998,37.95000000000002,1,1,1.0
96,3,208.42,251.93,96.99000000000004,40.65999999999997,1,1,1.0
96,4,611.83,250.1,234.26999999999998,120.08000000000001,1,1,1.0
96,5,577.9,266.81,58.89999999999998,31.30000000000001,1,1,1.0
96,6,798.1,246.2,53.69999999999993,32.22000000000003,1,1,1.0
97,3,208.42,251.96,96.99000000000004,40.62999999999997,1,1,1.0
97,4,600.55,250.1,238.95000000000005,122.04999999999998,1,1,1.0
97,5,564.3,266.81,80.10000000000002,33.99000000000001,1,1,1.0
97,6,784.6,240.47,57.5,37.95000000000002,1,1,1.0
98,3,208.42,252.0,96.99000000000004,40.589999999999975,1,1,1.0
98,4,589.27,250.1,243.63,124.02000000000001,1,1,1.0
98,5,551.82,267.35,82.77999999999997,33.98999999999995,1,1,1.0
98,6,777.68,247.6,57.5,29.77000000000001,1,1,1.0
99,3,208.42,252.03,96.99000000000004,40.559999999999974,1,1,1.0
99,4,578.0,250.1,243.29999999999995,126.00000000000003,1,1,1.0
99,5,537.54,267.98,88.23000000000002,35.44999999999999,1,1,1.0
99,6,770.76,248.1,57.5,28.22999999999999,1,1,1.0
100,3,208.42,252.06,96.99000000000004,40.52999999999997,1,1,1.0
100,4,566.15,250.1,250.64999999999998,126.00000000000003,1,1,1.0
100,5,523.26,268.61,93.66999999999996,36.89999999999998,1,1,1.0
100,6,757.74,248.51,57.5,28.220000000000027,1,1,1.0
101,3,208.42,252.1,96.99000000000004,40.48999999999998,1,1,1.0
101,4,554.3,250.1,252.30000000000007,126.00000000000003,1,1,1.0
101,5,508.98,269.24,99.12,38.360000000000014,1,1,1.0
101,6,738.63,249.73,63.97000000000003,28.22,1,1,1.0
102,3,208.42,252.13,96.99000000000004,40.45999999999998,1,1,1.0
102,4,554.3,250.1,244.4000000000001,137.29999999999998,1,1,1.0
102,5,493.23,269.24,99.12,38.360000000000014,1,1,1.0
102,6,732.12,248.91,63.97000000000003,28.22999999999999,1,1,1.0
103,3,208.42,252.16,96.99000000000004,40.42999999999998,1,1,1.0
103,4,526.07,250.1,265.8299999999999,139.6,1,1,1.0
103,5,482.31,269.66,97.66000000000003,38.35999999999996,1,1,1.0
103,6,722.56,249.12,63.97000000000003,28.21999999999997,1,1,1.0
104,3,208.42,252.2,96.99000000000004,40.389999999999986,1,1,1.0
104,4,513.65,252.36,263.55000000000007,144.03999999999996,1,1,1.0
104,5,471.39,270.08,96.19000000000005,38.360000000000014,1,1,1.0
104,6,713.0,249.32,63.98000000000002,28.230000000000018,1,1,1.0
105,3,208.42,252.23,96.99000000000004,40.359999999999985,1,1,1.0
105,4,497.47,257.24,271.05999999999995,142.15999999999997,1,1,1.0
105,5,460.47,270.5,94.73000000000002,38.360000000000014,1,1,1.0
105,6,696.9,250.95,70.92000000000007,28.220000000000027,1,1,1.0
106,3,208.42,252.27,96.99000000000004,40.319999999999965,1,1,1.0
106,4,481.28,262.12,278.59000000000003,140.27999999999997,1,1,1.0
106,5,444.41,271.76,94.72999999999996,38.360000000000014,1,1,1.0
106,7,944.84,210.91,14.629999999999995,56.599999999999994,1,1,1.0
106,6,681.7,252.57,76.96999999999991,28.230000000000018,1,1,1.0
107,3,208.42,252.3,96.99000000000004,40.289999999999964,1,1,1.0
107,4,465.1,267.0,286.1,138.39999999999998,1,1,1.0
107,5,428.34,273.02,94.73000000000008,38.360000000000014,1,1,1.0
107,7,939.48,210.91,19.99000000000001,56.599999999999994,1,1,1.0
107,6,670.7,253.38,79.42999999999995,28.230000000000018,1,1,1.0
108,3,208.42,252.33,96.99000000000004,40.25999999999996,1,1,1.0
108,4,447.04,270.76,295.12999999999994,140.67000000000002,1,1,1.0
108,5,412.32,273.86,94.72000000000003,38.360000000000014,1,1,1.0
108,7,934.12,210.91,25.350000000000023,56.599999999999994,1,1,1.0
108,6,654.84,253.38,79.42999999999995,28.230000000000018,1,1,1.0
109,3,208.42,252.37,96.99000000000004,40.21999999999997,1,1,1.0
109,4,428.97,274.53,304.15999999999997,142.94000000000005,1,1,1.0
109,5,397.13,273.02,111.57,38.360000000000014,1,1,1.0
109,7,928.76,210.91,30.710000000000036,56.599999999999994,1,1,1.0
109,6,638.77,253.59,85.74000000000001,28.22,1,1,1.0
110,3,208.42,252.4,96.99000000000004,40.18999999999997,1,1,1.0
110,4,410.91,278.29,313.19,145.20999999999998,1,1,1.0
110,5,380.27,273.02,111.56,38.360000000000014,1,1,1.0
110,7,923.4,210.91,36.07000000000005,56.599999999999994,1,1,1.0
110,6,622.7,253.79,92.03999999999996,28.22999999999999,1,1,1.0
111,3,208.42,252.46,96.99000000000004,40.12999999999997,1,1,1.0
111,4,393.52,278.07,319.52,150.39,1,1,1.0
111,5,369.3,273.86,111.57,38.360000000000014,1,1,1.0
111,7,918.5,210.91,40.97000000000003,56.599999999999994,1,1,1.0
111,6,604.4,253.38,96.92000000000007,28.230000000000018,1,1,1.0
112,3,208.42,252.52,96.99000000000004,40.069999999999965,1,1,1.0
112,4,376.13,277.85,325.85,155.57,1,1,1.0
112,5,358.34,274.7,111.56,38.370000000000005,1,1,1.0
112,7,913.6,210.91,45.870000000000005,56.599999999999994,1,1,1.0
112,6,593.01,253.99,96.91999999999996,28.230000000000018,1,1,1.0
113,3,208.42,252.58,96.99000000000004,40.00999999999996,1,1,1.0
113,4,358.74,277.64,332.17999999999995,160.74,1,1,1.0
113,5,340.63,276.39,111.56,38.360000000000014,1,1,1.0
113,7,909.7,210.91,49.76999999999998,56.599999999999994,1,1,1.0
113,6,581.62,254.6,96.92999999999995,28.22999999999999,1,1,1.0
114,3,208.42,252.64,96.99000000000004,39.94999999999999,1,1,1.0
114,4,341.36,277.42,338.5,165.91999999999996,1,1,1.0
114,5,326.01,277.8,111.56,38.360000000000014,1,1,1.0
114,7,905.8,210.91,53.67000000000007,56.599999999999994,1,1,1.0
114,6,566.92,256.24,96.92000000000007,28.21999999999997,1,1,1.0
115,3,208.42,252.71,96.99000000000004,39.87999999999997,1,1,1.0
115,4,323.97,277.2,344.8299999999999,171.10000000000002,1,1,1.0
115,5,311.39,279.2,111.56,38.360000000000014,1,1,1.0
115,7,900.9,210.91,58.57000000000005,56.599999999999994,1,1,1.0
115,6,554.12,257.05,96.92999999999995,30.430000000000007,1,1,1.0
116,3,208.42,252.77,96.99000000000004,39.819999999999965,1,1,1.0
116,4,299.69,279.45,357.81,173.35000000000002,1,1,1.0
116,5,296.77,280.61,111.57,38.360000000000014,1,1,1.0
116,7,896.0,210.91,63.47000000000003,56.599999999999994,1,1,1.0
116,6,541.33,257.87,96.91999999999996,32.629999999999995,1,1,1.0
117,3,208.42,252.83,96.99000000000004,39.75999999999996,1,1,1.0
117,4,275.42,281.7,370.78000000000003,175.60000000000002,1,1,1.0
117,5,280.75,281.45,111.56,38.360000000000014,1,1,1.0
117,7,891.1,215.8,68.37,51.70999999999998,1,1,1.0
117,6,524.46,260.03,101.80999999999995,33.47000000000003,1,1,1.0
118,3,208.42,252.89,96.99000000000004,39.69999999999999,1,1,1.0
118,4,258.48,283.95,374.72,181.25,1,1,1.0
118,5,264.72,282.29,111.57,38.35999999999996,1,1,1.0
118,7,886.7,215.8,70.07999999999993,58.5,1,1,1.0
118,6,507.6,262.2,106.68999999999994,34.30000000000001,1,1,1.0
119,3,208.42,252.95,96.99000000000004,39.639999999999986,1,1,1.0
119,4,241.54,286.2,378.6600000000001,186.91000000000003,1,1,1.0
119,5,250.38,284.82,111.57,38.360000000000014,1,1,1.0
119,7,882.3,215.8,71.79000000000008,61.099999999999966,1,1,1.0
119,6,494.53,261.93,106.70000000000005,34.30000000000001,1,1,1.0
120,3,208.42,253.01,96.99000000000004,39.579999999999984,1,1,1.0
120,4,218.59,289.6,392.5799999999999,189.14,1,1,1.0
120,5,236.04,287.35,111.57000000000002,38.35999999999996,1,1,1.0
120,7,877.9,215.8,73.49000000000001,59.30000000000001,1,1,1.0
120,6,481.46,261.66,106.69999999999999,34.299999999999955,1,1,1.0
121,3,208.42,253.07,96.99000000000004,39.51999999999998,1,1,1.0
121,4,195.63,293.0,406.5,191.37,1,1,1.0
121,5,221.71,289.88,111.55999999999997,38.360000000000014,1,1,1.0
121,7,873.5,215.8,75.20000000000005,57.599999999999966,1,1,1.0
121,6,466.76,263.83,106.70000000000005,37.06999999999999,1,1,1.0
122,3,208.42,253.13,96.99000000000004,39.45999999999998,1,1,1.0
122,4,172.67,296.4,420.43000000000006,193.60000000000002,1,1,1.0
122,5,207.37,292.41,111.57,38.35999999999996,1,1,1.0
122,7,864.7,215.8,84.0,58.5,1,1,1.0
122,6,450.43,264.67,106.69,40.02999999999997,1,1,1.0
123,3,208.42,253.19,96.99000000000004,39.39999999999998,1,1,1.0
123,4,146.7,296.39,433.41,197.01,1,1,1.0
123,5,188.38,291.15,114.11000000000001,39.64000000000004,1,1,1.0
123,7,862.7,215.8,77.19999999999993,58.5,1,1,1.0
123,6,434.09,265.5,106.69999999999999,43.0,1,1,1.0
124,3,208.42,253.26,96.99000000000004,39.329999999999984,1,1,1.0
124,4,120.73,296.38,446.39,200.42000000000002,1,1,1.0
124,5,169.4,289.88,116.64000000000001,40.920000000000016,1,1,1.0
124,7,856.84,217.75,79.15999999999997,58.5,1,1,1.0
124,6,420.62,266.05,108.13999999999999,43.72999999999996,1,1,1.0
125,3,208.42,253.32,96.99000000000004,39.26999999999998,1,1,1.0
125,4,95.89,299.79,451.47,206.60999999999996,1,1,1.0
125,5,154.22,289.88,116.64000000000001,40.920000000000016,1,1,1.0
125,7,852.9,215.8,79.20000000000005,58.5,1,1,1.0
125,6,407.15,266.6,109.58000000000004,44.44999999999999,1,1,1.0
126,3,208.42,253.38,96.99000000000004,39.20999999999998,1,1,1.0
126,4,71.05,303.2,456.55,212.79000000000002,1,1,1.0
126,5,139.04,289.88,116.64000000000001,40.920000000000016,1,1,1.0
126,7,846.58,217.75,79.16999999999996,58.5,1,1,1.0
126,6,393.67,267.15,111.02999999999997,45.18000000000001,1,1,1.0
127,3,208.42,253.44,96.99000000000004,39.14999999999998,1,1,1.0
127,4,41.32,312.23,472.38000000000005,212.79999999999995,1,1,1.0
127,5,118.8,292.41,122.54,43.039999999999964,1,1,1.0
127,7,840.25,219.7,79.14999999999998,58.5,1,1,1.0
127,6,380.2,267.7,112.48000000000002,45.900000000000034,1,1,1.0
128,3,208.42,253.5,96.99000000000004,39.089999999999975,1,1,1.0
128,4,7.07,306.0,491.53000000000003,224.11,1,1,1.0
128,5,98.55,294.94,128.45,45.160000000000025,1,1,1.0
128,7,831.8,219.7,84.00999999999999,59.150000000000034,1,1,1.0
128,6,365.26,266.97,112.47000000000003,48.829999999999984,1,1,1.0
129,3,208.42,253.56,96.99000000000004,39.02999999999997,1,1,1.0
129,4,0.0,307.7,484.7,228.62000000000006,1,1,1.0
129,5,81.69,295.79,128.44,45.14999999999998,1,1,1.0
129,7,823.34,219.7,88.88,59.80000000000001,1,1,1.0
129,6,350.31,266.24,112.48000000000002,51.75999999999999,1,1,1.0
130,3,208.42,253.62,96.99000000000004,38.96999999999997,1,1,1.0
130,4,0.0,307.7,467.8,228.62000000000006,1,1,1.0
130,5,64.82,296.63,128.44,45.160000000000025,1,1,1.0
130,7,814.88,219.7,93.74000000000001,60.460000000000036,1,1,1.0
130,6,333.54,267.7,115.39999999999998,51.75999999999999,1,1,1.0
131,3,208.42,253.68,96.99000000000004,38.90999999999997,1,1,1.0
131,4,0.0,315.6,454.3,220.72000000000003,1,1,1.0
131,5,44.58,299.16,128.44,45.15999999999997,1,1,1.0
131,7,809.03,219.21,93.74000000000001,63.869999999999976,1,1,1.0
131,6,316.77,269.16,118.32,51.75,1,1,1.0
132,3,208.42,253.74,96.99000000000004,38.849999999999966,1,1,1.0
132,4,1.13,317.86,437.37,220.72000000000003,1,1,1.0
132,5,24.33,301.69,128.45,45.160000000000025,1,1,1.0
132,7,803.17,218.72,93.74000000000001,67.28,1,1,1.0
132,6,300.0,270.61,121.24000000000001,51.75999999999999,1,1,1.0
133,3,208.42,253.81,96.99000000000004,38.77999999999997,1,1,1.0
133,4,1.13,317.86,420.47,220.72000000000003,1,1,1.0
133,5,18.43,302.96,117.91,45.150000000000034,1,1,1.0
133,7,796.99,219.05,93.74000000000001,67.27999999999997,1,1,1.0
133,6,286.15,270.61,121.24000000000001,53.22999999999996,1,1,1.0
134,3,208.42,253.87,96.99000000000004,38.71999999999997,1,1,1.0
134,4,1.13,325.8,403.57,212.78000000000003,1,1,1.0
134,5,12.53,304.22,107.37,45.15999999999997,1,1,1.0
134,7,790.81,219.37,93.74000000000001,67.27999999999997,1,1,1.0
134,6,272.3,270.61,121.24000000000001,54.69,1,1,1.0
134,8,693.71,528.07,75.89999999999998,11.92999999999995,1,1,1.0
135,3,208.42,253.93,96.99000000000004,38.65999999999997,1,1,1.0
135,4,1.13,326.9,383.27,211.68000000000006,1,1,1.0
135,5,12.53,304.22,92.17,45.15999999999997,1,1,1.0
135,7,784.63,219.7,93.74000000000001,67.28000000000003,1,1,1.0
135,6,256.63,273.51,121.24000000000001,53.99000000000001,1,1,1.0
135,8,693.71,517.9,102.88999999999999,22.100000000000023,1,1,1.0
136,3,208.42,253.99,96.99000000000004,38.599999999999966,1,1,1.0
136,4,1.13,326.9,368.57,211.67000000000007,1,1,1.0
136,5,12.53,304.22,69.37,45.15999999999997,1,1,1.0
136,7,778.13,220.35,93.74000000000001,67.28,1,1,1.0
136,6,240.96,276.4,121.23999999999998,53.30000000000001,1,1,1.0
136,8,693.71,511.95,123.13999999999999,28.05000000000001,1,1,1.0
137,3,208.42,254.05,96.99000000000004,38.539999999999964,1,1,1.0
137,4,1.13,333.7,349.37,204.88000000000005,1,1,1.0
137,5,12.53,304.22,52.47,45.15999999999997,1,1,1.0
137,7,771.62,221.0,93.74000000000001,67.27999999999997,1,1,1.0
137,6,222.73,276.76,122.70000000000002,53.30000000000001,1,1,1.0
137,8,693.71,506.0,143.39,34.0,1,1,1.0
138,3,208.42,254.11,96.99000000000004,38.47999999999996,1,1,1.0
138,4,1.13,333.7,327.92,204.88000000000005,1,1,1.0
138,5,12.53,304.22,33.87,45.15999999999997,1,1,1.0
138,7,765.12,221.65,93.74000000000001,67.28,1,1,1.0
138,6,204.5,277.13,124.17000000000002,53.30000000000001,1,1,1.0
138,8,693.71,500.9,155.18999999999994,39.10000000000002,1,1,1.0
139,3,208.42,254.17,96.99000000000004,38.41999999999999,1,1,1.0
139,4,1.13,333.7,306.47,204.88000000000005,1,1,1.0
139,7,757.55,222.14,95.22000000000003,68.00999999999999,1,1,1.0
139,6,184.8,276.4,133.7,53.30000000000001,1,1,1.0
139,8,708.45,494.57,147.6099999999999,45.03000000000003,1,1,1.0
140,3,208.42,254.23,96.99000000000004,38.359999999999985,1,1,1.0
140,4,1.13,341.6,289.47,196.98000000000002,1,1,1.0
140,7,749.99,222.63,96.68999999999994,68.74000000000001,1,1,1.0
140,6,170.22,280.04,133.70000000000002,53.299999999999955,1,1,1.0
140,8,723.2,488.25,140.02999999999997,50.950000000000045,1,1,1.0
141,3,208.42,254.29,96.99000000000004,38.29999999999998,1,1,1.0
141,4,1.13,346.1,267.47,192.48000000000002,1,1,1.0
141,7,742.43,223.11,98.16000000000008,69.47999999999996,1,1,1.0
141,6,153.09,280.41,133.70000000000002,53.299999999999955,1,1,1.0
141,8,732.5,483.62,140.01,55.58000000000004,1,1,1.0
142,3,208.42,254.36,96.99000000000004,38.22999999999996,1,1,1.0
142,4,1.13,350.6,245.47,187.98000000000002,1,1,1.0
142,7,734.86,223.6,99.63999999999999,70.21000000000001,1,1,1.0
142,6,135.96,280.77,133.70000000000002,53.30000000000001,1,1,1.0
142,8,741.8,479.0,140.0,60.200000000000045,1,1,1.0
143,3,208.42,254.42,96.99000000000004,38.16999999999999,1,1,1.0
143,4,1.13,353.4,224.57,185.18000000000006,1,1,1.0
143,7,726.69,223.84,100.84999999999991,70.21000000000001,1,1,1.0
143,6,118.1,282.23,133.70000000000002,55.50999999999999,1,1,1.0
143,8,753.6,478.16,132.41999999999996,60.19999999999999,1,1,1.0
144,3,208.42,254.48,96.99000000000004,38.109999999999985,1,1,1.0
144,4,1.13,356.2,203.67000000000002,182.38000000000005,1,1,1.0
144,7,718.52,224.09,102.06000000000006,70.21000000000001,1,1,1.0
144,6,100.24,283.69,133.7,57.70999999999998,1,1,1.0
144,8,764.6,467.2,130.69999999999993,71.16000000000003,1,1,1.0
145,3,208.42,254.54,96.99000000000004,38.04999999999998,1,1,1.0
145,4,1.13,362.4,176.02,176.18000000000006,1,1,1.0
145,7,710.35,224.33,103.25999999999999,70.21000000000001,1,1,1.0
145,6,84.93,282.96,133.7,57.710000000000036,1,1,1.0
145,8,773.0,466.36,133.23000000000002,72.84000000000003,1,1,1.0
146,3,208.42,254.6,96.99000000000004,37.98999999999998,1,1,1.0
146,4,1.13,368.6,148.37,169.98000000000002,1,1,1.0
146,7,702.17,224.58,104.48000000000002,70.19999999999996,1,1,1.0
146,6,66.71,283.69,133.7,58.80000000000001,1,1,1.0
146,8,784.0,451.2,122.23000000000002,88.00000000000006,1,1,1.0
147,3,208.42,254.6,96.99000000000004,37.98999999999998,1,1,1.0
147,4,1.13,375.4,128.07,163.18000000000006,1,1,1.0
147,7,694.0,224.82,105.69000000000005,70.20999999999998,1,1,1.0
147,6,48.49,284.42,133.7,59.879999999999995,1,1,1.0
147,8,793.6,451.2,123.36000000000001,88.00000000000006,1,1,1.0
148,3,208.42,254.6,96.99000000000004,37.98999999999998,1,1,1.0
148,4,0.56,382.15,100.96,157.14,1,1,1.0
148,7,685.83,225.06,106.89999999999998,70.20999999999998,1,1,1.0
148,6,30.99,286.97,136.6,59.879999999999995,1,1,1.0
148,8,803.2,451.2,124.5,88.00000000000006,1,1,1.0
149,3,208.42,254.6,96.99000000000004,37.98999999999998,1,1,1.0
149,4,0.0,388.9,73.84,151.10000000000002,1,1,1.0
149,7,677.66,225.31,108.10000000000002,70.20999999999998,1,1,1.0
149,6,13.5,289.52,139.5,59.879999999999995,1,1,1.0
149,8,813.36,444.43,124.5,87.99999999999994,1,1,1.0
150,3,208.42,254.6,96.99000000000004,37.98999999999998,1,1,1.0
150,4,0.0,391.2,43.4,148.8,1,1,1.0
150,7,669.48,225.55,109.31999999999994,70.20999999999998,1,1,1.0
150,6,6.75,290.97,130.6,59.889999999999986,1,1,1.0
150,8,822.4,438.8,117.72000000000003,86.84999999999997,1,1,1.0
151,3,208.42,254.6,96.99000000000004,37.98999999999998,1,1,1.0
151,7,659.72,227.18,109.31999999999994,70.20999999999998,1,1,1.0
151,6,0.0,292.43,121.7,59.889999999999986,1,1,1.0
151,8,829.15,433.72,116.62,86.85000000000002,1,1,1.0
152,3,208.42,254.6,96.99000000000004,37.98999999999998,1,1,1.0
152,7,649.97,228.8,109.30999999999995,70.20999999999998,1,1,1.0
152,6,0.0,292.43,102.0,59.889999999999986,1,1,1.0
152,8,835.9,428.64,115.50999999999999,86.85000000000002,1,1,1.0
153,3,208.42,254.6,96.99000000000004,37.98999999999998,1,1,1.0
153,7,640.21,230.43,109.30999999999995,70.20999999999998,1,1,1.0
153,6,0.0,292.43,87.4,59.889999999999986,1,1,1.0
153,8,838.21,421.86,117.71999999999991,86.84999999999997,1,1,1.0
154,3,208.42,254.6,96.99000000000004,37.98999999999998,1,1,1.0
154,7,630.94,230.19,109.30999999999995,70.19999999999999,1,1,1.0
154,6,0.0,292.43,68.4,59.889999999999986,1,1,1.0
154,8,854.0,421.9,104.17999999999995,82.30000000000001,1,1,1.0
155,3,208.42,254.6,96.99000000000004,37.98999999999998,1,1,1.0
155,7,621.67,229.94,109.31000000000006,70.20999999999998,1,1,1.0
155,6,0.0,292.43,50.9,59.889999999999986,1,1,1.0
155,8,856.3,420.7,103.70000000000005,76.72000000000003,1,1,1.0
156,3,208.42,254.6,96.99000000000004,37.98999999999998,1,1,1.0
156,7,612.4,229.7,109.31000000000006,70.21000000000004,1,1,1.0
156,6,0.0,292.43,30.5,59.889999999999986,1,1,1.0
156,8,846.11,408.31,113.88999999999999,86.85000000000002,1,1,1.0
157,3,208.42,254.6,96.99000000000004,37.98999999999998,1,1,1.0
157,7,603.13,229.45,109.31000000000006,70.21000000000004,1,1,1.0
157,8,871.0,404.92,89.0,86.85999999999996,1,1,1.0
158,3,208.42,254.6,96.99000000000004,37.98999999999998,1,1,1.0
158,7,592.98,230.04,112.23000000000002,70.78999999999999,1,1,1.0
158,8,880.0,409.4,80.0,77.86000000000001,1,1,1.0
159,3,208.42,254.6,96.99000000000004,37.98999999999998,1,1,1.0
159,7,582.83,230.63,115.15999999999997,71.37,1,1,1.0
159,8,886.8,403.2,73.20000000000005,78.98000000000002,1,1,1.0
160,3,208.42,254.6,96.99000000000004,37.98999999999998,1,1,1.0
160,7,572.68,231.22,118.08000000000004,71.95000000000002,1,1,1.0
160,8,891.3,401.5,68.70000000000005,75.60000000000002,1,1,1.0
161,3,208.42,254.6,96.99000000000004,37.98999999999998,1,1,1.0
161,7,562.53,231.81,121.0,72.54000000000002,1,1,1.0
161,8,893.6,401.5,66.39999999999998,65.39999999999998,1,1,1.0
162,3,208.42,254.6,96.99000000000004,37.98999999999998,1,1,1.0
162,7,552.38,232.4,123.91999999999996,73.11999999999998,1,1,1.0
162,8,902.6,401.5,57.39999999999998,65.39999999999998,1,1,1.0
163,3,208.42,254.6,96.99000000000004,37.98999999999998,1,1,1.0
163,7,540.67,231.91,123.92000000000007,73.11999999999998,1,1,1.0
163,8,903.73,389.08,56.26999999999998,65.40000000000003,1,1,1.0
164,3,208.42,254.6,96.99000000000004,37.98999999999998,1,1,1.0
164,7,528.96,231.42,123.91999999999996,73.12000000000003,1,1,1.0
164,8,913.9,389.08,46.10000000000002,65.40000000000003,1,1,1.0
165,3,208.42,254.6,96.99000000000004,37.98999999999998,1,1,1.0
165,7,522.13,231.42,123.91999999999996,73.12000000000003,1,1,1.0
165,8,920.1,386.82,39.89999999999998,65.40000000000003,1,1,1.0
166,3,208.42,254.6,96.99000000000004,37.98999999999998,1,1,1.0
166,7,509.93,231.91,123.92000000000002,73.11999999999998,1,1,1.0
166,8,915.03,384.56,44.97000000000003,65.39999999999998,1,1,1.0
167,3,208.42,254.6,96.99000000000004,37.98999999999998,1,1,1.0
167,7,497.73,232.4,123.91999999999996,73.11999999999998,1,1,1.0
167,8,930.8,380.05,29.200000000000045,65.39999999999998,1,1,1.0
168,3,208.42,254.6,96.99000000000004,37.98999999999998,1,1,1.0
168,7,486.02,233.18,125.48000000000002,73.88999999999999,1,1,1.0
168,8,934.2,380.05,25.799999999999955,65.39999999999998,1,1,1.0
169,3,208.42,254.6,96.99000000000004,37.98999999999998,1,1,1.0
169,7,474.31,233.96,127.04000000000002,74.66999999999999,1,1,1.0
169,8,937.6,380.05,22.399999999999977,65.39999999999998,1,1,1.0
170,3,208.42,254.6,96.99000000000004,37.98999999999998,1,1,1.0
170,7,462.6,234.74,128.60000000000002,75.44999999999999,1,1,1.0
171,3,208.42,254.6,96.99000000000004,37.98999999999998,1,1,1.0
171,7,450.89,235.52,130.15999999999997,76.22,1,1,1.0
172,3,208.42,254.6,96.99000000000004,37.98999999999998,1,1,1.0
172,7,439.18,236.3,131.71999999999997,77.0,1,1,1.0
173,3,208.42,254.6,96.99000000000004,37.98999999999998,1,1,1.0
173,7,427.09,236.5,132.88000000000005,77.0,1,1,1.0
174,3,208.42,254.6,96.99000000000004,37.98999999999998,1,1,1.0
174,7,414.99,236.69,134.04999999999995,77.0,1,1,1.0
175,3,208.42,254.6,96.99000000000004,37.98999999999998,1,1,1.0
175,7,402.89,236.89,135.22000000000003,77.0,1,1,1.0
176,3,208.42,254.6,96.99000000000004,37.98999999999998,1,1,1.0
176,7,390.8,237.08,136.37999999999994,76.99999999999997,1,1,1.0
177,3,208.42,254.6,96.99000000000004,37.98999999999998,1,1,1.0
177,7,378.7,237.28,137.55,76.99999999999997,1,1,1.0
178,3,208.42,254.6,96.99000000000004,37.98999999999998,1,1,1.0
178,7,367.72,237.28,137.55999999999995,76.99999999999997,1,1,1.0
179,3,208.42,254.6,96.99000000000004,37.98999999999998,1,1,1.0
179,7,356.74,237.28,137.56,76.99999999999997,1,1,1.0
180,3,208.42,254.6,96.99000000000004,37.98999999999998,1,1,1.0
180,7,345.77,237.28,137.55,76.99999999999997,1,1,1.0
181,3,208.42,254.6,96.99000000000004,37.98999999999998,1,1,1.0
181,7,334.79,237.28,137.54999999999995,76.99999999999997,1,1,1.0
182,3,208.42,254.6,96.99000000000004,37.98999999999998,1,1,1.0
182,7,323.4,238.1,139.02000000000004,77.31000000000003,1,1,1.0
183,3,208.42,254.6,96.99000000000004,37.98999999999998,1,1,1.0
183,7,312.02,238.92,140.47000000000003,77.63000000000002,1,1,1.0
184,3,208.42,254.6,96.99000000000004,37.98999999999998,1,1,1.0
184,7,300.63,239.74,141.94,77.94999999999999,1,1,1.0
185,3,208.42,254.6,96.99000000000004,37.98999999999998,1,1,1.0
185,7,289.25,240.56,143.39999999999998,78.26999999999998,1,1,1.0
186,3,208.42,254.6,96.99000000000004,37.98999999999998,1,1,1.0
186,7,277.86,241.38,144.86,78.59000000000003,1,1,1.0
187,3,208.42,254.6,96.99000000000004,37.98999999999998,1,1,1.0
187,7,266.48,242.2,146.32,78.90000000000003,1,1,1.0
188,3,208.42,254.6,96.99000000000004,37.98999999999998,1,1,1.0
188,7,254.44,241.55,146.32,82.81,1,1,1.0
189,3,208.42,254.6,96.99000000000004,37.98999999999998,1,1,1.0
189,7,242.41,240.9,146.32000000000002,86.71000000000001,1,1,1.0
190,3,208.42,254.6,96.99000000000004,37.98999999999998,1,1,1.0
190,7,230.37,243.2,146.32,87.66000000000003,1,1,1.0
